time
30 11 2017 15:36:4
turn
R
peta
8 8
playerR
info
R | -7 | 0 | 4
unit
W | R | 5 | 5 | 1 | 1 | 0 | 1 | 4 1 | 10 | 4 | 0 | 1
A | R | 15 | 15 | 3 | 2 | 2 | 0 | 7 1 | 4 | 2 | 1 | 0
A | R | 15 | 15 | 3 | 2 | 2 | 0 | 6 0 | 4 | 2 | 1 | 0
A | R | 15 | 15 | 3 | 2 | 2 | 0 | 5 2 | 4 | 2 | 1 | 0
K | R | 35 | 32 | 2 | 2 | 2 | 1 | 6 1 | 999 | 4 | 1 | 0
village
playerB
info
B | 15 | 3 | 3
unit
A | B | 15 | 13 | 3 | 2 | 2 | 0 | 5 1 | 4 | 2 | 1 | 0
S | B | 20 | 20 | 5 | 2 | 2 | 1 | 2 3 | 7 | 3 | 1 | 0
A | B | 15 | 15 | 3 | 2 | 2 | 0 | 0 6 | 4 | 2 | 1 | 0
K | B | 35 | 35 | 2 | 2 | 2 | 1 | 1 5 | 999 | 4 | 1 | 0
village
2 3 | B
villageUni
0 3 | N
stack
.